1    4024083571202406912    174.69706    31.03707    17.75    17.64    89.3  1.3    2.2  0.2    74    0.99   Y    
2    4024177442007708672    174.71544    31.06145    18.72    18.68    81.4  1.5    1.6  0.2    43    1.0    Y    
3    4024177648166139904    174.71228    31.06923    18.77    18.75    89.9  1.5    1.8  0.2    41    1.0    Y    
4    4024178472800038016    174.68413    31.09085    18.92    18.91    92.6  1.6    1.8  0.2    37    0.99   Y    
5    4024179297433597056    174.70462    31.15346    19.73    19.83    NA    NA     NA   NA     20    0.10   N    
6    4024177648166141184    174.71091    31.07493    20.15    20.10    88.9  2.0    1.8  0.3    19    0.99   Y    
7    4024178472800038144    174.68406    31.10051    20.36    20.23    86.7  2.5    1.4  0.2    16    0.99   Y    
8    4024036262137953536    174.76056    31.00214    20.27    20.11    74.4  1.9    4.3  0.4    16    0.02   N    
9    4024177442007709440    174.71257    31.06684    20.40    20.30    93.7  2.5    1.6  0.4    16    0.75   Y    
10   4024177751245359744    174.70460    31.10120    20.42    20.32    84.4  2.6    1.7  0.2    15    0.99   Y    
11   4024177682525881344    174.71106    31.08719    20.45    20.39    93.6  2.5    1.5  0.2    15    NA     Y    
12   4024177442007706752    174.71763    31.05481    20.47    20.40    86.3  2.8    1.9  0.2    15    NA     Y    
13   4024177648166141312    174.70698    31.07972    20.74    20.65    88.6  3.3    1.4  0.3    13    NA     Y
